date,new_cases,cumulative_cases,active,active_cumulative,recovered,recovered_cumulative,deaths,deaths_cumulative
2020-03-09,2,2,2,2,0,0,0,0
2020-03-10,8,10,7,9,0,0,1,1
2020-03-11,5,15,5,14,0,0,0,1
2020-03-12,8,23,8,22,0,0,0,1
2020-03-13,10,33,10,32,0,0,0,1
2020-03-14,5,38,5,37,0,0,0,1
2020-03-15,4,42,4,41,0,0,0,1
2020-03-16,9,51,9,50,0,0,0,1
2020-03-17,4,55,4,54,0,0,0,1
2020-03-18,4,59,2,56,1,1,1,2
2020-03-19,5,64,5,61,0,1,0,2
2020-03-20,6,70,4,65,2,3,0,2
2020-03-21,6,76,6,71,0,3,0,2
2020-03-22,13,98,21,92,0,3,1,3
2020-03-23,15,104,3,95,2,5,1,4
2020-03-24,19,123,13,108,5,10,1,5
2020-03-25,23,146,16,124,7,17,0,5
2020-03-26,28,174,27,151,0,17,1,6
2020-03-27,12,186,-4,147,14,31,2,8
2020-03-28,11,197,7,154,2,33,2,10
2020-03-29,15,212,8,162,7,40,0,10
2020-03-30,11,223,6,168,4,44,1,11
2020-03-31,20,243,10,178,8,52,2,13
2020-04-01,16,259,-1,177,15,67,2,15
2020-04-02,18,277,8,185,9,76,1,16
2020-04-03,27,304,13,198,13,89,1,17
2020-04-04,29,333,18,216,10,99,1,18
2020-04-05,28,361,21,237,5,104,2,20
2020-04-06,16,377,3,240,12,116,1,21
2020-07-04,6,383,-10,230,15,131,1,22
2020-04-08,17,400,-6,224,23,154,0,22
2020-04-09,9,409,-2,222,11,165,0,22
2020-04-10,7,416,-11,211,17,182,1,23
2020-04-11,17,433,2,213,15,197,0,23
2020-04-12,13,446,-7,206,20,217,0,23
2020-04-13,21,467,6,212,15,232,0,23
2020-04-14,8,475,-9,203,16,248,1,24
2020-04-15,19,494,15,218,3,251,1,25
2020-04-16,24,518,-3,215,26,277,1,26
2020-04-17,21,539,15,230,6,283,0,26
2020-04-18,9,548,-10,220,19,302,0,26
2020-04-19,14,562,2,222,12,314,0,26
2020-04-20,22,584,9,231,13,327,0,26
2020-04-21,25,609,7,238,18,345,0,26
2020-04-22,25,634,13,251,11,356,1,27
2020-04-23,29,663,0,251,29,385,0,27